,City,Latitude,Longititude,Temperature,Humidity (%),Wind Speed (mph),Cloudiness (%)
0,Lompoc,34.64,-120.46,11.7,94,2.6,75
1,Cape Town,-33.93,18.42,25.0,33,4.1,0
2,Cherskiy,68.75,161.3,-28.6,85,1.96,68
3,Hobart,-42.88,147.33,10.0,81,2.1,0
4,Avera,33.19,-82.53,6.1,93,2.6,90
5,Butaritari,3.07,172.79,28.01,100,6.56,64
6,Vaini,15.34,74.49,18.81,81,1.21,0
7,Bang Saphan,11.21,99.51,24.46,99,1.66,92
8,Rikitea,-23.12,-134.97,23.26,100,6.16,92
9,Cururupu,-1.82,-44.87,25.68,95,2.96,92
10,Qaanaaq,77.48,-69.36,-17.32,100,8.51,76
11,Lebu,8.96,38.73,11.93,60,2.11,0
12,Dikson,73.51,80.55,-4.32,95,10.31,76
13,Puerto Ayora,-0.74,-90.35,30.0,51,7.2,75
14,Tara,33.0,130.15,6.0,75,3.6,75
15,Mataura,-46.19,168.86,8.16,91,1.11,76
16,Port Moresby,-9.47,147.16,26.0,83,2.6,20
17,Faanui,-16.48,-151.75,27.96,100,6.56,20
18,Norman Wells,65.28,-126.83,-14.0,84,9.3,75
19,Hilo,19.71,-155.08,20.0,87,3.1,90
20,San Cristobal,-0.39,-78.55,22.0,37,2.1,75
21,Pisco,-13.71,-76.2,22.0,30,4.1,40
22,Cap Malheureux,-19.98,57.61,24.0,88,1.5,20
23,Busselton,-33.64,115.35,14.66,100,5.26,8
24,Luderitz,-26.65,15.16,18.66,61,5.56,0
25,Neryungri,56.66,124.71,-32.82,38,1.36,8
26,Nanakuli,21.39,-158.15,21.7,94,3.6,90
27,Cockburn Town,21.46,-71.14,27.41,97,7.96,12
28,Aklavik,68.22,-135.01,-18.0,77,4.1,75
29,Bredasdorp,-34.53,20.04,20.61,78,6.71,8
30,Grindavik,63.84,-22.43,3.0,86,19.0,90
31,Port Said,25.34,30.55,11.83,63,2.16,0
32,Athabasca,54.72,-113.29,-1.2,79,3.31,80
33,Barrow,-38.31,-60.23,31.31,34,4.21,20
34,Yellowknife,62.45,-114.38,-5.0,92,5.7,20
35,Hamilton,43.26,-79.87,2.0,100,2.6,90
36,Panzhihua,26.59,101.72,7.86,45,1.76,0
37,Ushuaia,-54.81,-68.31,15.0,47,3.1,75
38,Tateyama,36.66,137.31,-4.67,97,0.96,76
39,Port Elizabeth,39.31,-74.98,3.3,50,6.2,1
40,Garwa,27.63,81.51,8.96,82,1.16,0
41,Bluff,-23.58,149.07,22.21,77,4.26,24
42,Lavrentiya,65.58,-170.99,-10.17,100,11.36,44
43,Provideniya,64.42,-173.23,-10.7,100,9.21,36
44,Jamestown,-33.21,138.6,17.43,51,3.36,0
45,Arraial do Cabo,-22.97,-42.02,29.0,65,10.3,0
46,Hirara,24.8,125.28,23.41,100,11.51,92
47,Carnarvon,-30.97,22.13,19.11,21,1.46,0
48,Cukai,4.25,103.42,25.0,100,0.5,76
49,Egvekinot,66.32,-179.17,-21.6,70,4.11,64
50,Ribeira Grande,38.52,-28.7,17.0,59,12.3,20
51,Harer,42.19,-111.17,-11.0,72,1.61,1
52,Talara,-4.58,-81.27,17.0,290,7.2,0
53,Constitucion,23.99,-104.67,10.0,57,2.1,5
54,Katsuura,33.93,134.5,3.33,100,2.41,0
55,Chokurdakh,70.62,147.9,-31.97,39,4.26,76
56,Albany,42.65,-73.75,2.0,43,3.6,75
57,Adrar,27.87,-0.29,23.0,31,6.2,0
58,Leningradskiy,69.38,178.42,-18.0,99,11.26,76
59,Sinop,42.03,35.15,10.0,81,4.36,75
60,Severo-Kurilsk,50.68,156.12,-1.22,100,8.16,12
61,Port Alfred,-33.59,26.89,19.71,92,8.26,20
62,Panara,54.11,24.11,2.0,93,3.0,75
63,Khumalag,43.24,44.47,0.0,95,2.0,90
64,Hobyo,5.35,48.53,25.96,87,5.71,24
65,Vangaindrano,-23.35,47.6,24.33,85,2.21,44
66,Kungalv,57.87,11.98,3.0,74,7.2,75
67,Avarua,-21.21,-159.78,25.0,88,9.3,90
68,Castro,-42.48,-73.76,18.0,55,6.7,40
69,Puerto Carreno,6.19,-67.49,32.0,52,1.5,20
70,Whitehaven,35.03,-90.03,2.8,75,2.1,75
71,Namibe,-15.19,12.15,21.76,100,3.41,0
72,Atuona,-9.8,-139.03,26.78,100,5.26,76
73,Marawi,8.0,124.29,16.91,94,1.11,8
74,Verkhoyansk,67.55,133.39,-38.6,73,1.56,48
75,Lata,30.78,78.62,-1.55,87,0.76,68
76,Arlit,18.74,7.39,17.43,38,0.76,0
77,Chuy,-33.69,-53.46,26.26,83,2.66,0
78,Nantucket,41.28,-70.1,5.0,54,4.6,40
79,Saint-Philippe,45.36,-73.48,-6.3,54,2.1,1
80,Minbu,20.18,94.88,19.56,100,2.11,20
81,Ariquemes,-9.91,-63.03,29.66,72,1.31,64
82,Palana,59.08,159.95,-19.97,75,1.01,80
83,Nikolskoye,59.7,30.79,-1.0,86,4.0,75
84,Chapayevka,53.06,158.83,-20.0,76,6.0,12
85,New Norfolk,-42.78,147.06,10.0,81,2.1,0
86,Presidente Medici,-11.18,-61.9,29.01,80,1.46,36
87,Port Lincoln,-34.72,135.86,16.01,99,5.26,0
88,Mogadishu,2.04,45.34,27.53,99,5.21,44
89,Kodiak,39.95,-94.76,-0.9,96,1.5,1
90,Kurilsk,45.23,147.88,-0.05,100,5.11,76
91,Apiai,-24.51,-48.84,30.08,51,1.11,20
92,Faya,18.39,42.45,17.0,77,4.6,0
93,Naze,5.43,7.07,32.0,46,2.6,12
94,Ushtobe,45.25,77.98,-7.7,63,1.16,56
95,Vallenar,-28.58,-70.76,24.08,65,1.36,0
96,Kapaa,22.08,-159.32,21.7,58,10.3,90
97,Crotone,39.09,17.12,12.0,76,2.1,75
98,Camacha,33.08,-16.33,19.0,68,3.1,0
99,Cedar City,37.68,-113.06,-3.9,100,1.5,40
100,Manaus,-3.13,-59.98,29.16,87,1.66,48
101,Mar del Plata,-46.43,-67.52,24.16,28,10.61,0
102,Blairmore,49.61,-114.44,2.0,80,4.6,75
103,Belmonte,40.36,-7.35,7.96,88,1.61,44
104,Alugan,12.22,125.48,26.76,94,5.81,100
105,Gambela,8.25,34.59,20.16,83,1.21,64
106,Tiksi,71.64,128.87,-30.57,34,7.31,20
107,Port-Gentil,-0.72,8.78,27.0,88,5.7,75
108,Bambous Virieux,-20.34,57.76,24.0,88,1.5,20
109,Padang,-0.92,100.36,27.53,100,3.06,56
110,Beringovskiy,63.05,179.32,-18.95,100,12.46,0
111,Hithadhoo,-0.6,73.08,28.71,100,3.21,44
112,Ngunguru,-35.62,174.5,16.66,100,4.76,76
113,Narsaq,60.91,-46.05,-5.35,76,3.31,88
114,Linfen,36.09,111.52,-9.1,70,3.11,0
115,Lydenburg,-25.1,30.46,14.01,93,1.01,88
116,Telhara,21.03,76.85,15.53,65,2.06,0
117,Mahebourg,-20.41,57.7,24.0,88,1.5,20
118,Ust-Maya,60.42,134.54,-37.0,63,1.01,56
119,Tiarei,-17.53,-149.33,26.0,88,1.5,75
120,Tuktoyaktuk,69.44,-133.03,-19.0,77,7.7,90
121,Zabaykalsk,49.64,117.33,-29.67,29,1.86,24
122,Half Moon Bay,37.46,-122.43,12.0,81,5.7,90
123,Bouguenais,47.18,-1.62,10.0,76,1.5,0
124,Cascais,38.7,-9.42,19.0,63,2.6,0
125,Popondetta,-8.77,148.24,20.33,95,0.96,20
126,Bilma,18.69,12.92,15.21,40,2.46,0
127,Guerrero Negro,27.97,-114.04,18.18,68,2.06,24
128,Vostok,46.45,135.83,-23.2,66,0.96,36
129,Emerald,-23.53,148.16,23.0,69,3.6,32
130,Richards Bay,-28.77,32.06,18.83,100,4.01,92
131,Kavieng,-2.57,150.8,27.86,100,1.56,20
132,Pacific Grove,36.62,-121.92,8.9,79,1.5,1
133,Khatanga,71.98,102.47,-14.2,80,6.46,80
134,Berlevag,70.86,29.09,3.0,69,6.2,75
135,Punta Arenas,-53.16,-70.91,16.0,76,4.1,90
136,Aasiaat,68.71,-52.87,-8.2,100,5.31,12
137,Ahipara,-35.17,173.16,14.93,97,3.41,0
138,Hasaki,35.73,140.83,1.0,80,3.1,20
139,East London,-33.02,27.91,19.0,77,5.7,75
140,Sorland,67.67,12.69,5.0,65,8.2,20
141,Deputatskiy,69.3,139.9,-36.15,55,2.31,32
142,Hofn,64.25,-15.21,3.0,100,6.2,90
143,Iqaluit,63.75,-68.52,-27.0,68,7.2,20
144,Kampene,-3.59,26.67,21.36,91,0.91,32
145,Ukiah,39.15,-123.21,8.9,96,2.1,90
146,Luganville,-15.51,167.18,26.11,100,6.41,12
147,Xiongzhou,32.34,118.83,6.0,100,3.0,90
148,Motygino,58.18,94.69,-15.65,80,2.56,80
149,Tasiilaq,65.61,-37.64,-1.0,36,11.8,92
150,Husavik,50.56,-96.99,-12.95,85,2.41,0
151,North Bend,43.41,-124.22,8.3,96,2.6,90
152,Quatre Cocos,-20.21,57.76,24.0,88,1.5,20
153,Santander Jimenez,24.22,-98.47,16.68,59,2.56,0
154,Maldonado,-34.91,-54.96,27.0,47,4.1,20
155,Sao Filipe,14.9,-24.5,25.81,85,5.31,0
156,Worthington,43.62,-95.6,-7.2,91,5.7,1
157,Esperance,10.24,-61.45,29.0,62,7.7,40
158,Provost,52.35,-110.26,-12.92,73,4.76,0
159,Nishihara,35.74,139.53,6.0,73,1.31,1
160,Trelew,-43.25,-65.31,29.16,22,5.21,68
161,Dinar,38.07,30.16,9.0,81,5.7,75
162,Aswan,24.09,32.9,13.78,70,3.76,0
163,Aguimes,27.91,-15.45,22.0,64,1.5,0
164,Lishu,43.31,124.32,-22.15,48,1.31,8
165,Carauari,-4.88,-66.9,30.51,73,1.61,36
166,Blackwater,51.33,-0.78,9.0,75,2.6,0
167,Salalah,17.01,54.1,25.0,53,2.1,0
168,Udimskiy,61.14,45.92,-5.25,90,3.91,80
169,Diamantino,-14.4,-56.44,30.03,73,2.96,68
170,Kisangani,0.52,25.21,24.46,87,1.11,24
171,Hermanus,-34.42,19.24,20.81,41,1.01,0
172,Georgiyevka,52.25,40.45,0.36,97,6.61,92
173,Antalaha,-14.9,50.28,26.03,91,2.76,12
174,Anadyr,64.73,177.51,-29.0,75,7.0,0
175,Victoria,5.28,115.24,26.0,88,1.0,75
176,Veraval,49.65,0.71,9.0,81,3.1,75
177,Aitape,-3.15,142.36,26.78,98,3.16,20
178,Wentzville,38.81,-90.85,-0.6,75,2.6,1
179,Pucallpa,-8.38,-74.54,2.0,331,2.1,75
180,Bethel,60.79,-161.76,-7.8,96,6.2,90
181,Koumac,-20.56,164.28,23.26,87,3.81,76
182,The Valley,18.22,-63.06,28.0,65,6.7,20
183,Beloha,-25.17,45.06,26.21,58,2.86,20
184,Maniitsoq,65.42,-52.9,-10.32,100,4.81,0
185,Taltal,-25.41,-70.49,22.83,68,1.76,0
186,Paita,-5.09,-81.11,17.0,290,7.2,0
187,Chiampo,45.54,11.28,10.0,75,1.5,0
188,Bontang,0.12,117.47,27.81,100,4.11,8
189,Bagan,54.1,77.67,-27.05,49,1.36,0
190,Georgetown,6.8,-58.16,30.0,70,4.1,75
191,Kruisfontein,-34.0,24.73,19.61,75,7.96,0
192,Moron,10.49,-68.2,29.96,45,1.36,88
193,Sitka,37.17,-99.65,5.06,46,2.11,0
194,Touros,-5.2,-35.46,30.0,66,8.2,75
195,Tera,34.97,32.42,19.0,68,4.6,75
196,El Alto,-16.5,-68.19,18.0,27,5.1,20
197,Saint-Augustin,44.83,-0.61,10.0,71,1.5,20
198,Baykit,61.68,96.39,-18.17,74,3.01,68
199,Ugoofaaru,5.67,73.0,28.53,100,1.61,36
200,Bara,10.41,10.6,24.83,27,2.66,0
201,Clyde River,70.47,-68.59,-30.0,74,2.6,20
202,Shenjiamen,29.96,122.3,14.53,100,2.51,92
203,Nome,30.04,-94.42,11.7,46,3.6,1
204,Chicama,-7.84,-79.15,23.0,78,5.1,20
205,Greenville,34.85,-82.4,6.0,93,5.1,90
206,Dunedin,-45.87,170.5,8.91,96,1.96,88
207,Sibolga,1.74,98.78,20.86,100,0.71,64
208,Airai,-8.93,125.41,22.16,95,0.51,68
209,Lagoa,37.14,-8.45,18.0,63,4.1,0
210,Shingu,33.72,135.99,9.16,100,3.11,0
211,Muzhi,65.4,64.7,-14.1,88,2.96,64
212,Huarmey,-10.07,-78.15,25.96,50,2.11,0
213,Bubaque,11.28,-15.83,29.83,88,2.71,0
214,Preeceville,51.95,-102.67,-10.45,78,1.36,12
215,Kama,33.54,130.74,9.0,92,0.5,24
216,San Patricio,-26.98,-56.83,32.43,60,1.76,20
217,Tucuman,-17.17,-70.89,24.46,38,2.16,0
218,Saint George,39.45,22.34,10.0,57,5.1,40
219,Kaeo,-35.1,173.78,13.66,89,2.81,0
220,Inuvik,68.36,-133.71,-19.0,77,4.1,90
221,Portland,45.52,-122.67,5.0,95,3.6,90
222,Gamba,28.28,88.52,-23.72,49,0.76,44
223,Obera,-27.49,-55.12,35.26,35,1.16,0
224,Inta,66.04,60.13,-5.1,90,1.61,68
225,Taoudenni,22.68,-3.98,19.58,29,2.21,0
226,Saskylakh,71.97,114.09,-26.35,68,1.96,68
227,Yulara,-25.24,130.99,27.0,36,3.1,0
228,Geraldton,49.72,-86.95,-5.0,73,2.6,75
229,Mgachi,51.05,142.27,-12.67,100,4.46,56
230,Thompson,55.74,-97.86,-16.0,84,1.0,90
231,Vao,59.1,26.19,0.06,94,3.31,92
232,Sarakhs,36.54,61.16,9.0,81,1.51,0
233,Baniachang,24.52,91.37,15.36,88,1.26,0
234,Cidreira,-30.17,-50.22,32.61,43,4.46,0
235,Brookhaven,40.78,-72.92,3.3,43,6.7,1
236,Rockhampton,-23.38,150.51,22.0,88,2.6,40
237,Hue,16.47,107.58,21.0,100,3.6,75
238,Yuzhno-Kurilsk,44.03,145.86,0.56,100,7.11,68
239,Mirabad,28.27,61.33,3.41,51,0.91,36
240,Brzeziny,51.8,19.75,3.0,97,6.7,75
241,Lexington Park,38.26,-76.45,2.8,80,2.1,1
242,Gold Coast,-28.0,153.41,18.0,93,1.0,40
243,Vila Velha,-3.71,-38.6,31.0,66,7.7,20
244,Viedma,-40.81,-62.99,31.01,23,7.06,56
245,Fort Wellington,6.4,-57.6,27.26,92,6.71,44
246,Peace River,56.23,-117.29,-6.0,85,5.1,20
247,Oktyabrskiy,55.61,37.97,1.0,89,3.0,90
248,Maler Kotla,30.52,75.88,12.18,96,3.21,76
249,Lac du Bonnet,50.25,-96.06,-9.57,92,2.96,24
250,Upernavik,72.79,-56.15,-15.9,100,5.71,0
251,Koupela,12.18,-0.35,26.36,27,3.11,0
252,Galle,29.74,-97.91,11.7,48,5.1,1
253,Sao Joao da Barra,-21.64,-41.05,28.0,51,6.2,75
254,Zambezi,-13.55,23.12,23.28,65,2.81,64
255,Lazaro Cardenas,28.39,-105.62,9.0,61,2.06,75
256,Platanos,35.47,23.6,14.0,67,6.2,20
257,Ponta Delgada,37.73,-25.67,19.0,88,6.2,40
258,Brae,60.4,-1.35,3.0,100,1.5,20
259,Sydney Mines,46.24,-60.22,-3.0,73,5.7,75
260,Wajima,37.4,136.9,5.26,100,3.96,44
261,Shimoda,34.7,138.93,10.76,100,8.06,24
262,Aksu,52.04,76.93,-15.0,77,4.0,0
263,Haines Junction,60.75,-137.51,-7.75,82,1.71,48
264,Barentu,15.11,37.59,23.53,56,2.86,0
265,Komatipoort,-25.43,31.96,21.11,70,7.71,80
266,Saint-Paul,45.22,1.9,5.0,80,1.5,75
267,Pevek,69.7,170.27,-18.3,100,6.76,64
268,Cabo San Lucas,22.89,-109.91,23.0,73,1.0,5
269,Pundaguitan,6.37,126.17,27.53,100,4.81,0
270,Villa Carlos Paz,-31.42,-64.5,34.0,32,10.8,40
271,Kenai,60.55,-151.26,-2.2,84,8.2,90
272,Zapolyarnyy,69.43,30.82,-3.0,92,4.1,75
273,Luwuk,-0.95,122.79,25.46,100,1.46,8
274,Clarence Town,-32.59,151.78,20.0,94,5.1,90
275,Agadir,30.42,-9.58,20.0,52,4.1,0
276,Aras,14.28,44.38,9.58,44,0.06,12
277,Kaliganj,23.41,89.13,14.18,80,2.26,0
278,Te Anau,-45.41,167.72,9.21,80,1.41,92
279,Cherepet,54.12,36.38,0.0,97,5.0,90
280,Laguna,27.52,-110.01,22.0,43,2.1,20
281,Carepa,7.76,-76.65,31.0,55,2.1,20
282,Kaitangata,-46.28,169.85,8.68,92,3.01,64
283,Khasan,42.43,130.64,-12.75,100,1.86,0
284,Great Yarmouth,52.61,1.73,3.0,86,2.1,0
285,Buraydah,26.33,43.97,18.0,88,3.1,20
286,Jacksonville,30.33,-81.66,7.8,73,4.6,90
287,Lorengau,-2.02,147.27,28.56,100,4.31,24
288,Khani,41.96,42.96,13.0,43,3.1,75
289,Ondjiva,-17.07,15.73,27.36,20,3.71,0
290,Tezu,27.93,96.16,10.41,45,1.01,0
291,Maragogi,-9.01,-35.22,27.56,88,5.01,64
292,Rawson,-43.3,-65.11,29.16,22,5.21,68
293,Diego de Almagro,-26.39,-70.05,24.76,62,1.61,0
294,Soderhamn,61.3,17.06,1.83,99,3.01,92
295,Chilca,-13.22,-72.34,23.0,11,6.2,8
296,Elko,40.83,-115.76,-5.0,87,2.6,90
297,Hay River,60.82,-115.79,-1.0,80,6.2,20
298,Acapulco,16.86,-99.88,30.0,62,2.6,40
299,Caceres,5.53,-74.53,27.08,62,1.16,20
300,Talnakh,69.49,88.39,-18.9,82,3.31,76
301,Klaksvik,62.23,-6.59,2.0,69,7.2,8
302,Polunochnoye,60.87,60.43,-9.2,86,1.16,68
303,Tynda,55.15,124.74,-30.5,95,1.16,8
304,Sunndalsora,62.68,8.55,5.0,91,12.3,75
305,Torbay,47.66,-52.73,-2.0,79,7.2,40
306,Grand Gaube,-20.01,57.66,24.0,88,1.5,20
307,Tambacounda,13.77,-13.67,36.0,14,2.1,0
308,Tecoanapa,16.99,-99.26,30.0,62,2.6,40
309,Muros,42.77,-9.06,13.0,66,3.6,0
310,Bathsheba,13.22,-59.52,29.0,62,9.8,40
311,Tanabe,33.73,135.39,0.33,100,2.11,0
312,Diplo,24.47,69.59,18.51,86,3.46,0
313,Tangzhai,26.73,109.0,-0.82,100,3.01,92
314,Broken Hill,-31.97,141.45,24.0,69,3.6,90
315,Caetite,-14.07,-42.48,22.66,90,5.81,88
316,Laurel,45.67,-108.77,2.8,27,6.7,90
317,Bani,15.89,120.27,22.96,100,1.66,0
318,Abha,18.22,42.5,17.0,77,4.6,0
319,Vetlanda,57.43,15.09,2.0,89,4.6,75
320,Mazamari,-11.33,-74.53,23.31,88,0.86,64
321,Olinda,-2.03,-79.75,31.0,48,4.1,20
322,Bulgan,48.81,103.53,-29.8,28,1.21,0
323,Jiuquan,39.73,98.49,-33.2,34,1.06,0
324,Kudahuvadhoo,2.67,72.89,28.36,100,3.51,100
325,Santa Maria,-29.69,-53.81,34.76,35,2.31,0
326,Noyakert,39.83,44.67,3.0,90,0.71,0
327,Douentza,15.01,-2.95,23.66,26,2.21,0
328,Ormara,25.21,64.64,22.18,90,2.11,0
329,Fort-Shevchenko,44.51,50.26,4.51,100,7.06,68
330,Ponta do Sol,-20.63,-46.0,27.08,77,2.06,20
331,Choix,26.71,-108.33,20.18,46,1.16,76
332,Tashtyp,52.8,89.89,-28.3,52,0.96,0
333,Elk City,35.41,-99.4,7.2,39,3.1,1
334,Vestmannaeyjar,63.44,-20.27,4.0,100,23.1,90
335,Meulaboh,4.14,96.13,26.81,100,1.31,36
336,San Andres,13.32,122.68,27.16,100,6.36,32
337,Ojinaga,29.56,-104.41,10.0,70,1.5,1
338,Saldanha,41.42,-6.55,4.18,93,1.36,32
339,Baghdad,33.3,44.38,13.0,82,2.1,0
340,Okakarara,-20.59,17.46,23.36,49,1.21,0
341,Pangody,65.85,74.49,-10.1,87,4.11,68
342,Ballina,54.11,-9.15,9.0,100,4.6,90
343,Oranjemund,-28.55,16.43,17.31,94,8.41,0
344,Emba,34.81,32.42,19.0,68,4.6,75
345,Mecca,21.43,39.83,20.01,64,3.66,0
346,Presidencia Roque Saenz Pena,-26.79,-60.44,33.03,61,5.31,56
347,Zanjan,36.67,48.48,-5.45,77,1.16,0
348,Rajpur,26.3,79.68,11.76,87,1.26,0
349,Bilibino,68.06,166.44,-39.65,80,1.01,56
350,Thinadhoo,0.53,72.93,28.86,99,4.11,68
351,Namatanai,-3.66,152.44,26.81,100,2.21,56
352,Harwich,41.69,-70.08,5.0,52,3.6,90
353,Twentynine Palms,34.14,-116.05,7.8,82,2.1,1
354,Strezhevoy,60.73,77.6,-10.0,85,3.0,90
355,Amazar,53.86,120.88,-32.92,39,1.06,20
356,Terra Santa,-2.1,-56.49,29.16,78,1.61,64
357,Moose Factory,51.26,-80.61,-11.0,72,5.7,90
358,Fukue,35.03,136.69,6.0,60,5.1,20
359,Maceio,-9.67,-35.74,28.0,69,6.7,75
360,Zubtsov,56.17,34.59,-0.15,95,4.66,92
361,Ocos,14.51,-92.19,30.0,58,3.1,20
362,Llangefni,53.26,-4.31,9.0,81,3.6,90
363,Bilgi,38.1,43.26,4.0,60,4.1,40
364,Vila Franca do Campo,37.72,-25.43,19.0,88,6.2,40
365,Fortuna,38.18,-1.13,17.0,77,1.5,0
366,Tobias Barreto,-11.19,-38.0,29.18,66,6.16,88
367,Flinders,-34.58,150.85,18.0,100,2.1,90
368,Puksoozero,62.59,40.61,-5.15,89,3.66,92
369,Eydhafushi,5.1,73.07,28.53,100,1.61,36
370,Kovdor,67.56,30.47,-3.25,96,1.21,92
371,Hambantota,6.12,81.12,26.68,100,2.91,92
372,Manzanillo,20.34,-77.12,26.41,100,0.76,36
373,Codrington,-28.95,153.24,18.0,93,3.1,0
374,Canyon Lake,33.68,-117.26,15.0,71,1.66,1
375,Debre Sina,9.85,39.76,9.76,83,0.91,0
376,Whitianga,-36.83,175.7,18.03,100,5.36,88
377,Tessalit,20.2,1.01,18.96,26,1.71,0
378,Sisimiut,66.94,-53.67,-22.55,100,1.11,12
379,Nortelandia,-14.45,-56.8,30.11,81,2.21,56
380,Labuhan,-2.54,115.51,23.41,97,1.16,88
381,Matara,-13.74,-72.9,17.0,36,5.1,0
382,San Quintin,17.54,120.52,19.11,82,1.16,0
383,Pijino,9.33,-74.45,36.81,36,2.01,0
384,Zafra,38.43,-6.42,17.0,67,2.1,0
385,Sundsvall,62.39,17.31,2.0,100,3.6,90
386,Oda,35.19,132.5,6.01,100,3.66,8
387,La Ciotat,43.17,5.6,13.0,62,12.3,20
388,Lakes Entrance,-37.88,147.99,13.96,99,0.36,44
389,Gorele,41.03,39.0,15.0,62,3.6,75
390,Booue,-0.09,11.94,24.71,90,1.11,0
391,Narrabri,-30.33,149.78,26.0,41,2.1,40
392,Altea,38.6,-0.05,15.0,77,1.5,0
393,Yerbogachen,61.28,108.01,-19.92,76,2.76,68
394,Hit,33.64,42.83,10.76,89,2.46,0
395,Puerto Leguizamo,-0.19,-74.78,27.03,85,1.31,76
396,Porto Belo,-27.15,-48.54,29.0,69,5.7,20
397,Constantine,36.36,6.61,11.0,76,3.1,40
398,Chulman,56.84,124.9,-33.07,40,1.46,0
399,San Isidro,16.74,121.63,19.71,90,1.11,20
400,Bragadiru,44.37,25.98,2.0,100,3.1,90
401,Yenagoa,4.92,6.26,27.36,65,1.01,12
402,Marzuq,14.4,46.47,10.66,77,0.81,8
403,Praia da Vitoria,38.73,-27.07,18.0,82,10.96,20
404,Comodoro Rivadavia,-45.87,-67.48,26.0,12,13.4,40
405,Neya,58.29,43.89,0.43,95,5.56,92
406,Juneau,58.3,-134.42,3.9,100,1.5,90
407,Longyearbyen,78.22,15.63,-8.0,72,11.3,75
408,Spassk-Ryazanskiy,54.41,40.38,0.86,97,5.41,92
409,Vanimo,-2.67,141.3,28.71,100,4.61,8
410,Paracuru,-3.41,-39.03,31.0,66,7.7,20
411,Axim,4.87,-2.24,29.01,97,4.66,12
412,Alamosa,37.47,-105.87,-3.8,24,2.6,1
413,Boljevac,43.83,21.96,4.0,80,1.0,40
414,Varkaus,62.32,27.87,-1.0,92,3.1,90
415,Nabire,-3.36,135.5,21.16,96,0.96,64
416,Kameno,42.57,27.29,7.0,70,3.6,0
417,Oranjestad,12.52,-70.03,29.0,66,8.2,75
418,Karratha,-20.74,116.85,24.46,74,1.06,0
419,Port Blair,11.67,92.75,26.56,100,5.86,76
420,Merauke,-8.49,140.4,26.86,100,4.86,8
421,Sistranda,63.73,8.83,4.0,86,11.3,75
422,Mujiayingzi,42.12,118.78,-21.8,56,1.16,20
423,Katobu,-4.94,122.53,27.06,100,2.11,56
424,Mount Gambier,-37.83,140.78,8.0,93,1.5,0
425,Souillac,45.6,-0.6,9.0,76,1.5,0
426,Bandarbeyla,9.49,50.81,26.33,100,7.31,8
427,Honiara,-9.43,159.96,21.61,100,1.01,12
428,Ancud,-41.87,-73.83,18.0,55,6.7,40
429,Sao Francisco,-25.65,-53.85,35.0,34,4.1,20
430,Boende,-0.28,20.88,23.21,84,1.51,12
431,Puerto Baquerizo Moreno,-0.9,-89.6,27.0,69,5.7,75
432,Kayerkan,69.35,87.76,-16.15,85,5.36,76
433,Nicoya,10.15,-85.45,31.0,52,10.3,20
434,Yeniseysk,58.45,92.17,-14.3,81,2.41,92
435,Kieta,-6.22,155.63,26.31,99,0.91,44
436,Harper,30.3,-99.24,9.2,55,2.36,1
437,Russell,-33.01,-68.8,26.66,43,1.66,0
438,Anisoc,1.87,10.77,23.18,95,1.01,44
439,Idah,7.11,6.73,28.43,49,1.61,0
440,Kahului,20.89,-156.47,22.2,87,5.1,40
441,Lakselv,70.05,24.96,-5.0,92,5.1,0
442,Alice Springs,-23.7,133.88,25.0,29,2.1,0
443,Derzhavinsk,51.1,66.31,-24.6,58,1.31,0
444,Pedernales,0.07,-80.05,24.66,95,1.41,92
445,Hengshui,37.73,115.7,-6.2,78,0.86,88
446,Banjar,-7.37,108.54,22.68,98,1.16,68
447,Cherdyn,60.4,56.48,-5.32,87,3.16,76
448,Pitimbu,-7.47,-34.81,29.0,70,7.7,75
449,Kot Samaba,28.55,70.47,14.53,89,4.76,0
450,Bahia Blanca,-38.72,-62.27,30.51,36,3.16,0
451,Kavaratti,10.57,72.64,28.03,100,3.46,76
452,Tibati,6.47,12.63,26.61,29,4.46,0
453,Sivaki,52.63,126.75,-30.3,33,1.41,8
454,Rio Gallegos,-51.62,-69.22,20.0,40,6.7,40
455,Dhaka,26.67,85.17,11.78,79,1.21,0
456,Khuzhir,53.19,107.35,-16.5,100,2.31,44
457,Charters Towers,-20.07,146.27,22.56,98,4.21,92
458,Marfino,56.07,37.56,1.0,89,4.0,90
459,Antofagasta,-23.65,-70.4,19.0,63,7.7,20
460,Ashland,38.48,-82.64,1.1,58,1.51,1
461,Isla Mujeres,21.23,-86.73,24.0,73,3.1,90
462,Tual,-5.67,132.75,29.18,100,4.31,20
463,Yerofey Pavlovich,53.97,121.97,-33.72,43,1.06,0
464,Pasighat,28.06,95.33,11.43,51,1.31,0
465,Veydelevka,50.15,38.45,0.61,98,5.01,92
466,Tabas,33.6,56.92,11.0,40,2.1,8
467,Salinopolis,-0.61,-47.36,28.36,94,4.36,24
468,Jiayuguan,39.77,98.29,-33.2,34,1.06,0
469,Itarema,-2.92,-39.92,28.51,88,3.31,64
470,Tongren,27.72,109.18,-1.05,97,2.36,92
471,Soure,40.06,-8.63,21.0,43,2.1,0
472,Tinde,-3.87,33.2,17.46,99,2.16,92
473,Puquio,-14.69,-74.12,21.11,23,3.06,0
474,Mandalgovi,45.76,106.27,-25.75,56,2.76,0
475,Dungarpur,23.85,73.71,15.86,67,1.31,0
476,Coahuayana,18.62,-100.35,27.28,40,1.41,44
477,Nichinan,31.65,131.31,9.91,100,3.76,68
478,Usinsk,66.0,57.56,-5.17,90,3.56,92
479,Luanda,-8.83,13.24,26.53,79,1.86,88
480,Yablochnyy,47.17,142.07,-16.0,91,3.0,40
481,Naugachhia,25.4,87.1,12.41,80,0.26,8
482,Minot,48.23,-101.3,-1.1,58,3.1,1
483,Jiwani,25.05,61.74,18.31,89,2.71,0
484,Dali,25.6,100.24,2.56,100,0.86,0
485,Bud,62.91,6.91,5.0,100,4.6,75
486,Lincoln,53.23,-0.54,7.0,80,1.5,40
487,Lixourion,38.2,20.43,14.0,54,6.2,75
488,Ilulissat,69.22,-51.1,-14.0,65,6.2,20
489,College,64.86,-147.8,-10.6,81,2.86,1
490,Dharchula,29.85,80.53,-2.57,77,0.81,20
491,New Port Richey,28.24,-82.72,16.0,71,3.6,90
492,Kesova Gora,57.58,37.3,-0.2,96,4.56,88
493,Palmer,-34.85,139.16,18.0,55,4.1,0
494,Minab,27.15,57.07,23.0,55,1.06,0
495,Saint-Pierre,48.95,4.24,8.0,87,4.6,56
496,Jumla,29.28,82.18,-7.47,97,0.96,8
497,Aviles,43.55,-5.92,11.0,87,3.1,0
498,Hami,42.84,93.51,-21.32,42,0.86,0
499,Lahij,13.06,44.88,22.06,82,2.11,0
500,Lufilufi,-13.87,-171.6,24.0,94,2.6,90
501,Vernon,50.27,-119.27,1.0,87,2.6,90
502,Salym,60.06,71.48,-16.1,85,2.51,0
503,Codajas,-3.84,-62.06,30.01,77,1.76,36
504,Kharan,28.58,65.42,6.33,69,1.31,0
505,Rockland,42.13,-70.92,3.9,45,2.6,20
506,Montepuez,-13.13,39.0,22.43,100,1.86,24
507,Wilmington Island,32.0,-80.97,6.1,85,4.6,90
508,Saint-Joseph,43.56,6.97,13.0,37,8.7,0
509,Tshikapa,-6.42,20.79,23.71,82,1.31,24
510,Eyl,7.98,49.82,25.51,97,6.61,20
511,Saint-Ambroise,47.25,-0.65,9.0,81,1.0,90
512,San Vicente,13.64,-88.78,33.0,41,4.6,0
513,Rawa Mazowiecka,51.76,20.25,3.0,97,6.7,75
514,Sao Felix do Xingu,-6.64,-51.99,28.78,75,1.21,24
515,Lolodorf,3.23,10.73,23.16,88,1.46,12
516,Chegdomyn,51.13,133.04,-29.7,59,1.11,36
517,Santa Cruz,36.97,-122.03,10.0,89,1.46,1
518,Paamiut,61.99,-49.67,-0.25,91,8.51,12
519,Idlib,35.93,36.64,13.0,100,2.1,75
520,Devonport,-41.18,146.36,6.76,84,1.21,0
521,Miyakonojo,31.78,131.06,0.96,100,1.06,24
522,Bridlington,54.08,-0.19,3.0,93,2.1,0
523,Hermiston,45.84,-119.29,-0.6,85,1.31,1
524,Okhotsk,59.36,143.24,-21.57,100,3.96,24
525,Bumba,2.18,22.47,25.41,82,1.31,8
526,Owerri,5.49,7.03,32.0,46,2.6,12
527,Chara,39.42,22.43,10.0,57,5.1,40
528,Asosa,10.07,34.53,23.01,37,2.51,0
529,Linqing,36.85,115.71,-5.15,84,1.36,56
530,Gigmoto,13.78,124.39,27.11,99,5.01,80
531,Alyangula,-13.85,136.42,30.0,74,2.1,76
532,Yumen,40.29,97.04,-23.7,61,2.56,20
533,Ambunti,-4.22,142.82,24.41,99,1.01,24
534,Broome,52.47,1.45,6.0,86,2.1,0
535,Methoni,36.82,21.7,17.28,100,12.36,32
536,Benghazi,32.12,20.07,19.51,100,11.11,80
537,Sayat,38.78,63.88,7.0,93,3.1,76
538,Nagayo,32.82,129.89,6.0,75,3.6,75
539,Foz,43.57,-7.26,13.53,97,7.61,12
